146	8386
146	8879
146	2332
146	8859
146	628
146	6728
146	8877
146	3438
146	8658
146	8652
146	1492
146	8660
146	906
146	1639
146	5363
146	8576
146	4619
146	7138
146	1270
146	1027
146	8790
146	8566
146	1046
146	8231
146	7735
146	8561
146	5710
146	4035
146	8555
146	586
146	1045
146	7848
146	1790
146	1640
146	8656
146	1870
146	8786
146	8217
146	8226
146	8657
146	747
146	9412
146	9413
146	1129
146	9415
146	5086
146	9539
147	55
147	85
147	140
147	100
147	736
147	1255
147	1028
147	2750
147	3141
147	3401
147	3473
147	4516
147	4989
147	5192
147	8569
147	11261
147	11608
147	13938
147	15305
147	15341
147	16464
147	16720
147	24856
147	31132
147	36733
147	46809
147	49122
147	55459
147	62787
147	62790
147	77546
147	226323
147	226392
147	362634
147	683142
148	63
148	68
148	58
148	948
148	1767
148	1763
148	1612
148	2825
148	1498
148	3666
148	10067
148	460
148	3987
148	9802
148	9800
148	9799
148	1792
148	5422
148	731
148	22
148	5710
148	9985
148	9991
148	4622
148	746
148	2843
148	1037
148	4700
148	2595
148	893
148	1654
148	9910
148	598
148	7290
148	10464
148	10466
148	10468
148	3230
148	10471
148	1613
148	6075
148	1049
148	1882
148	3942
148	10562
148	10563
148	10564
148	10566
149	10707
149	10705
149	10702
149	10701
149	10704
150	96
150	1764
152	1529
152	2562
152	6481
152	12215
152	35189
152	36381
152	96261
152	1175434
155	92
155	153
155	83
155	57
155	159
155	22
155	3561
155	1336
155	1064
155	1066
155	2138
155	2603
155	3630
155	451
155	2531
155	2866
155	3138
155	1024
155	3482
155	3472
155	3570
155	3475
155	1094
155	416
155	861
155	3636
155	2871
155	1079
155	1509
155	699
155	3479
155	3563
155	3476
155	3568
155	124
155	163
155	162
155	51
155	3471
155	3574
155	3936
155	3937
155	3939
155	3940
155	3942
155	453
155	3943
155	3944
155	1081
155	468
155	3946
155	3948
155	466
155	151
155	3949
156	111
156	135
156	5523
156	1901
156	4855
156	1710
156	4853
156	458
156	5591
156	2531
156	5515
156	4864
156	109
156	1171
156	4872
156	4876
156	1670
156	2499
156	3726
156	5518
156	4862
156	4869
156	1529
156	5435
156	1391
156	1122
156	170
156	124
156	2874
156	165
156	4857
156	5514
156	5520
156	1210
156	2925
156	4328
156	5735
156	4596
157	16
157	6035
157	6515
157	6214
157	4453
157	5936
157	6027
157	3180
157	6355
157	6026
157	6528
157	6434
157	1555
157	6438
157	6039
157	6517
157	6362
157	5867
157	6523
157	6435
157	6360
157	6431
157	6028
157	6525
157	6353
157	6370
157	6359
157	6524
157	6024
157	6040
157	6186
157	5875
157	6195
157	5865
157	6023
157	5850
157	5852
157	5866
157	5874
157	6199
157	5862
157	5872
157	6354
157	6356
157	6365
157	6361
157	6030
157	6180
157	5861
157	6221
157	6212
157	6037
157	90
157	6228
157	5289
157	6358
157	6031
157	6367
157	6033
157	690
157	6038
157	6521
157	6530
157	4652
157	3273
157	6357
157	6227
157	419
157	6428
157	5118
157	6424
157	6369
157	4885
157	6225
157	6429
157	6363
157	4903
157	4660
157	5868
157	6029
157	6208
157	5864
157	6366
157	6193
157	6527
157	6430
157	6511
157	6364
157	5870
157	6036
157	158
157	6432
157	6436
157	4890
157	420
157	6976
157	6977
157	6978
157	6980
157	6982
157	7056
157	1891
157	7057
157	1830
157	7058
157	7059
157	7060
157	7061
157	7062
157	7063
158	7
158	16
158	27
158	115
158	157
158	8314
158	7056
158	8399
158	8808
158	8500
158	7626
158	6517
158	7619
158	8306
158	1416
158	8586
158	3013
158	8589
158	7251
158	8502
158	5864
158	6029
158	421
158	8679
158	7630
158	8681
158	6435
158	8311
158	7255
158	90
158	8680
158	8582
158	6354
158	6030
158	8398
158	7627
158	1555
158	7375
158	1672
158	1489
158	7257
158	772
158	7631
158	7541
158	7625
158	3180
158	6515
158	5849
158	7547
158	8394
158	8291
158	8359
158	6791
158	7623
158	8682
158	1179
158	8684
158	7548
158	2450
158	6527
158	6432
158	7258
158	1439
158	8289
158	6428
158	7382
158	419
158	6227
158	8492
158	8495
158	8296
158	4885
158	5118
158	4652
158	127
158	6653
158	3432
158	6366
158	8678
158	420
158	8809
158	8806
158	8313
158	8304
158	2820
158	7536
158	6193
158	7628
158	5802
158	8281
158	2921
158	873
158	6530
158	7384
158	5289
158	7061
158	5209
158	7632
158	8587
158	8285
158	7563
158	7062
158	8310
158	8393
158	8490
158	7059
158	8494
158	1535
158	8631
158	9504
158	9505
158	9506
158	9507
158	9508
158	9509
158	9510
158	676
158	9511
158	9512
158	3990
158	9595
158	3181
158	9599
158	9600
158	1882
158	9603
159	155
159	96
159	1418
159	124
159	416
159	3468
159	460
159	2548
159	9765
159	2612
159	2691
159	71
159	9766
159	910
160	135
160	469
160	617
160	619
160	590
160	1027
160	1524
160	1599
160	1628
160	2782
160	2754
160	2973
160	4619
160	4621
160	5677
160	5367
160	6758
160	7596
160	32264
160	32791
160	39896
160	43234
160	111536
160	243243
161	65
161	83
161	98
161	106
161	10080
161	10074
161	10075
161	10073
161	10070
161	61
161	10134
161	1033
161	124
161	10072
161	1029
161	714
161	7752
161	10136
161	10221
161	1998
161	149
162	155
162	57
162	132
162	96
162	142
162	118
162	143
162	75
162	148
162	8153
162	2941
162	10436
162	163
162	5396
162	1524
162	515
162	695
162	10480
162	1083
162	10430
162	10427
162	9513
162	416
162	1259
162	5508
162	10433
162	1509
162	2947
162	1124
162	10482
162	9766
162	10481
162	2257
162	1087
162	4700
162	10830
162	749
162	124
162	3417
162	78
162	10834
162	9917
162	2428
162	126
162	3755
162	3154
162	11020
162	11021
162	2831
162	3924
162	2873
162	160
162	54
162	151
162	11022
162	2658
162	1626
163	18
163	19
163	30
163	31
163	34
163	40
163	107
163	153
163	93
163	112
163	155
163	131
163	132
163	91
163	75
163	159
163	106
163	162
163	461
163	744
163	1041
163	1505
163	1409
163	1935
163	2529
163	3048
163	2925
163	3755
163	3698
163	4793
163	1891
163	6927
163	5867
163	9415
163	11145
163	11793
163	11608
163	11609
163	11795
163	11727
163	11790
163	11728
163	11729
163	14225
163	31156
163	37578
164	530
164	559
164	585
164	1273
164	2328
164	2373
164	2721
164	2928
164	2914
164	3372
164	3860
164	5386
164	6725
164	7505
164	8611
164	9392
164	9917
164	12816
164	13894
164	13998
164	15253
164	20433
164	20903
164	20906
164	22037
164	22481
164	23027
164	24111
164	25109
164	25480
164	27076
164	27486
164	27665
164	28059
164	28475
164	28752
164	29050
164	29256
164	30287
164	33892
164	36999
164	37230
164	38974
164	39071
164	40119
164	40684
164	41125
164	41645
164	42023
164	42265
164	43477
164	45397
164	52561
164	58537
164	95795
164	102323
164	104586
164	123365
164	134196
164	152598
164	178560
164	205929
164	251051
164	415752
164	535555
164	789817
165	156
165	135
165	73
165	1547
165	12327
165	12222
165	12710
165	12709
165	12326
165	5706
165	12646
165	12649
165	12328
165	12512
165	12227
165	12715
165	3372
165	12816
165	12333
165	1866
165	12223
165	12518
165	12882
165	12883
165	12332
165	12330
165	12220
165	1658
165	12713
165	12814
165	3523
165	9905
165	2620
165	12822
165	12819
165	1125
165	12329
165	12334
165	12818
165	12648
165	12650
165	12225
165	1796
165	1644
165	12325
165	1114
165	12716
165	2693
165	12812
165	4683
165	11413
165	1994
165	12226
165	12815
165	12214
165	12216
165	1679
165	12810
165	12817
165	596
165	3729
165	12707
165	6648
165	2309
165	12523
165	504
165	12056
165	12513
165	6657
165	13169
165	13170
165	1056
165	13171
165	607
165	522
165	2847
165	1058
165	13172
165	13173
165	5079
165	13222
165	13225
166	137
166	144
166	268
166	162
166	14632
166	8315
166	14520
166	3025
166	12816
166	14522
166	13187
166	814
166	14532
166	14526
166	4947
166	3009
166	14659
166	9754
166	2862
166	14529
166	14521
166	14633
166	3397
166	1742
166	14634
166	7265
166	8176
166	14524
166	14534
166	14628
166	14623
166	7597
166	14631
166	3745
166	1440
166	716
166	4322
166	14519
166	14661
166	1794
166	14664
166	14625
166	1663
166	6114
166	1718
166	14919
166	14921
166	14923
166	2550
166	1576
166	14927
166	4035
166	8951
166	5327
166	672
166	14931
166	14932
166	1210
166	747
166	1640
166	724
167	3275
167	3193
167	5571
167	12157
167	26810
167	28301
167	28459
167	28797
167	30252
167	30532
167	39840
167	76402
167	76420
167	78163
167	81270
167	92991
167	102968
167	113614
167	168792
167	169647
167	183602
167	187921
167	211277
167	371025
167	479550
167	1247638
168	56
168	855
168	1417
168	2268
168	2274
168	2289
168	2373
168	2183
168	2184
168	2187
168	2392
168	2427
168	2524
168	2429
168	2191
168	2440
168	2521
168	2563
168	2476
168	2522
169	1196
169	3088
169	11531
169	14519
169	23802
169	512764
170	156
170	531
170	3168
170	3728
170	3568
170	15255
170	24608
170	39691
171	1077
171	6276
172	43
172	55
172	56
172	58
172	73
172	458
172	636
172	694
172	628
172	598
172	731
172	1412
172	1532
172	1156
172	1449
172	1409
172	1629
172	1821
172	2064
172	2638
172	2898
172	2928
172	2609
172	2886
172	2625
172	3020
172	2773
172	3024
172	2892
172	3063
172	3010
172	2896
172	2978
172	2979
172	2915
172	2981
172	2916
172	3154
172	3045
172	3017
172	3068
172	3147
172	2921
172	2923
172	3070
172	2925
172	2926
172	3413
172	3072
172	3074
172	3075
172	3568
172	3949
172	4295
172	5986
172	6339
172	6324
172	7661
172	7741
172	11413
172	13270
172	14658
172	15251
172	15540
172	16864
172	17401
172	20449
172	20859
172	21856
172	22346
172	23718
172	23637
172	23802
172	25156
172	25317
172	25913
172	25795
172	26877
172	33472
172	37328
172	37779
172	40897
172	43675
172	50602
172	52521
172	71053
172	83114
172	87417
172	202637
172	297428
172	333930
173	3307
173	3316
